1 1
2 2
3 3
4 5
5 6
6 8
7 9
8 13
9 15
10 18
11 19
12 20
13 21
14 27
15 30
16 35
17 36
18 40
19 41
20 47
21 50
22 58
23 59
24 51
25 54
26 69
27 77
28 84
29 85
30 79
31 80
32 94
33 102
34 116
35 118
36 101
37 102
38 122
39 132
40 129
41 130
42 135
43 136
44 161
45 165
46 182
47 183
48 140
49 144
50 169
51 186
52 219
53 220
54 210
55 213
56 230
57 240
58 269
59 270
60 198
61 199
62 248
63 262
64 265
65 276
66 282
67 283
68 334
69 351
70 354
71 355
72 248
73 249
74 309
75 334
76 359
77 364
78 381
79 382
80 360
81 378
82 428
83 429
84 355
85 371
86 438
87 481
88 480
89 481
90 410
91 415
92 485
93 522
94 560
95 579
96 400
97 401
98 477
99 516
100 526
101 527
102 540
103 541
104 634
105 612
106 675
107 676
108 523
109 524
110 591
111 644
112 633
113 634
114 644
115 664
116 783
117 799
118 847
119 867
120 513
121 519
122 643
123 710
124 790
125 826
126 724
127 725
128 757
129 800
130 840
131 841
132 737
133 758
134 908
135 908
136 922
137 923
138 948
139 949
140 950
141 988
142 1106
143 1112
144 650
145 688
146 833
147 894
148 985
149 986
150 910
151 911
152 988
153 1059
154 1114
155 1140
156 1010
157 1011
158 1187
159 1284
160 1076
161 1103
162 1032
163 1033
164 1248
165 1251
166 1323
167 1324
168 950
169 959
170 1087
171 1189
172 1366
173 1367
174 1332
175 1353
176 1413
177 1461
178 1597
179 1598
180 1008
181 1009
182 1154
183 1263
184 1314
185 1381
186 1462
187 1474
188 1629
189 1621
190 1665
191 1666
192 1157
193 1158
194 1387
195 1440
196 1505
197 1506
198 1423
199 1424
200 1433
201 1517
202 1708
203 1730
204 1458
205 1509
206 1801
207 1904
208 1914
209 1920
210 1546
211 1547
212 1849
213 1989
214 2105
215 2183
216 1351
217 1381
218 1632
219 1778
220 1709
221 1721
222 1834
223 1835
224 1768
225 1735
226 1946
227 1947
228 1710
229 1711
230 1930
231 2026
232 2183
233 2184
234 2123
235 2164
236 2426
237 2521
238 2628
239 2629
240 1376
241 1377
242 1681
243 1840
244 2091
245 2158
246 2125
247 2128
248 2383
249 2455
250 2619
251 2620
252 1830
253 1833
254 2177
255 2243
256 2116
257 2117
258 2296
259 2366
260 2457
261 2547
262 2788
263 2789
264 2035
265 2101
266 2457
267 2649
268 2938
269 2939
270 2290
271 2291
272 2393
273 2469
274 2743
275 2814
276 2467
277 2468
278 2892
279 3079
280 2603
281 2604
282 2632
283 2633
284 3113
285 3184
286 3328
287 3415
288 1936
289 1950
290 2195
291 2387
292 2793
293 2794
294 2601
295 2652
296 2955
297 3062
298 3300
299 3312
300 2393
301 2423
302 2819
303 3110
304 2997
305 3098
306 2976
307 2977
308 3107
309 3238
310 3407
311 3408
312 2670
313 2671
314 3252
315 3153
316 3374
317 3375
318 3427
319 3460
320 3163
321 3279
322 3567
323 3577
324 2727
325 2827
326 3294
327 3516
328 3658
329 3705
330 3275
331 3276
332 3672
333 3927
334 4152
335 4278
336 2631
337 2632
338 3102
339 3417
340 3347
341 3384
342 3278
343 3372
344 3871
345 3842
346 4208
347 4209
348 3682
349 3683
350 3903
351 4059
352 4064
353 4065
354 3955
355 4095
356 4781
357 4863
358 5081
359 5082
360 2498
361 2509
362 3034
363 3320
364 3362
365 3530
366 3710
367 3711
368 3841
369 3984
370 4345
371 4436
372 4043
373 4044
374 4613
375 4759
376 4727
377 4764
378 4245
379 4246
380 4278
381 4543
382 5062
383 5063
384 3250
385 3274
386 3950
387 4228
388 4564
389 4565
390 3955
391 3966
392 4303
393 4604
394 4973
395 5127
396 3800
397 3801
398 4460
399 4653
400 3942
401 3943
402 4371
403 4409
404 5195
405 5090
406 5164
407 5218
408 3963
409 3964
410 4622
411 5007
412 5747
413 5802
414 5240
415 5315
416 5557
417 5746
418 6130
419 6131
420 3720
421 3721
422 4619
423 4983
424 5174
425 5388
426 5454
427 5558
428 6207
429 6334
430 6567
431 6568
432 3718
433 3719
434 4251
435 4478
436 5035
437 5043
438 5290
439 5291
440 4846
441 4794
442 5339
443 5340
444 4951
445 5165
446 5880
447 6275
448 5499
449 5500
450 4446
451 4488
452 5444
453 5825
454 6097
455 6232
456 4618
457 4619
458 5455
459 5815
460 5845
461 5846
462 5429
463 5430
464 5880
465 6017
466 6713
467 6714
468 5340
469 5476
470 6007
471 6471
472 6803
473 6855
474 6923
475 7030
476 7359
477 7588
478 8238
479 8239
480 3979
481 4022
482 4868
483 5190
484 5595
485 5841
486 5467
487 5468
488 6225
489 6463
490 6437
491 6438
492 5755
493 5771
494 6746
495 6660
496 6671
497 6783
498 6919
499 6920
500 7386
501 7611
502 8276
503 8277
504 4645
505 4789
506 5627
507 6069
508 6691
509 6692
510 5885
511 6079
512 6138
513 6516
514 7086
515 7250
516 6503
517 6557
518 7446
519 7977
520 7165
521 7166
522 6781
523 6782
524 8037
525 7757
526 8181
527 8199
528 5623
529 5638
530 6576
531 7079
532 7746
533 7792
534 7661
535 7780
536 8819
537 9037
538 9769
539 9891
540 5663
541 5664
542 6636
543 7187
544 6763
545 7040
546 6730
547 6731
548 7802
549 8247
550 8109
551 8137
552 6254
553 6389
554 7727
555 8169
556 8805
557 8806
558 8461
559 8522
560 6994
561 7171
562 8093
563 8094
564 6950
565 7325
566 8604
567 8839
568 9050
569 9051
570 8111
571 8112
572 8918
573 9568
574 10260
575 10442
576 5710
577 5711
578 6696
579 7205
580 7038
581 7119
582 7546
583 7671
584 8766
585 8497
586 9151
587 9152
588 7233
589 7233
590 7943
591 8586
592 9110
593 9111
594 8263
595 8287
596 9429
597 9781
598 10193
599 10194
600 6022
601 6023
602 7122
603 7906
604 8798
605 9034
606 8872
607 8873
608 9110
609 9052
610 9722
611 9784
612 8035
613 8036
614 9314
615 9634
616 8549
617 8550
618 9342
619 9343
620 9738
621 9882
622 10826
623 11062
624 7682
625 7900
626 9409
627 10013
628 10946
629 10996
630 7724
631 7725
632 8592
633 9329
634 10152
635 10584
636 9099
637 9316
638 10661
639 11327
640 9590
641 9591
642 9485
643 9486
644 10682
645 11007
646 11655
647 11656
648 7412
649 7472
650 8191
651 8657
652 9864
653 9865
654 10116
655 10316
656 10834
657 11143
658 11682
659 11683
660 8156
661 8157
662 9665
663 10463
664 10422
665 10607
666 10542
667 10558
668 11694
669 12053
670 12658
671 12789
672 7619
673 7620
674 9014
675 8859
676 9571
677 9572
678 9871
679 10127
680 9900
681 10172
682 11220
683 11221
684 8731
685 9112
686 10423
687 11083
688 11363
689 11414
690 10209
691 10210
692 11883
693 12076
694 12796
695 13056
696 9899
697 9961
698 11716
699 12680
700 11582
701 11583
702 10561
703 10582
704 10962
705 11094
706 12294
707 12571
708 10912
709 10913
710 12213
711 13042
712 14240
713 14248
714 12794
715 12868
716 14572
717 15313
718 16119
719 16120
720 6444
721 6605
722 7893
723 8718
724 9723
725 10118
726 10050
727 10051
728 9690
729 10071
730 10945
731 11018
732 10424
733 10425
734 12117
735 12040
736 11258
737 11324
738 11240
739 11241
740 12309
741 12667
742 13424
743 13425
744 10854
745 11094
746 13304
747 14216
748 14594
749 14718
750 12706
751 12707
752 13454
753 14323
754 15480
755 15802
756 10558
757 10559
758 12332
759 13001
760 11026
761 11027
762 12279
763 12597
764 14471
765 14253
766 15082
767 15156
768 9696
769 9697
770 10065
771 10861
772 12740
773 12741
774 11808
775 12298
776 13717
777 14018
778 14876
779 14937
780 10532
781 10659
782 12421
783 13255
784 12554
785 13147
786 13335
787 13336
788 15472
789 15896
790 15993
791 16315
792 10287
793 10421
794 12419
795 12818
796 13860
797 13861
798 13433
799 13519
800 11449
801 12275
802 13668
803 13853
804 12600
805 12786
806 14643
807 15608
808 16186
809 16187
810 12953
811 12954
812 13763
813 14560
814 15610
815 16097
816 10967
817 11027
818 13214
819 13460
820 13370
821 13371
822 14211
823 14212
824 16306
825 15852
826 16774
827 16775
828 13322
829 13323
830 14894
831 16000
832 15985
833 16129
834 16291
835 16519
836 18439
837 18651
838 19595
839 19596
840 9332
841 9358
842 11707
843 12851
844 14476
845 15067
846 13601
847 13877
848 14751
849 15277
850 16129
851 16150
852 14441
853 14442
854 17091
855 17091
856 17390
857 17391
858 16504
859 16505
860 17581
861 18141
862 20101
863 20102
864 10586
865 10955
866 12700
867 13665
868 13758
869 13968
870 12478
871 12579
872 14427
873 15498
874 16578
875 16632
876 14929
877 14930
878 16961
879 17974
880 14832
881 14833
882 13078
883 13079
884 14885
885 15341
886 16430
887 16431
888 13679
889 13984
890 15621
891 16570
892 18724
893 18809
894 18246
895 18467
896 17160
897 17491
898 18908
899 18926
900 11383
901 11463
902 13274
903 14336
904 15268
905 15827
906 16825
907 16826
908 18490
909 19176
910 18497
911 18498
912 12734
913 12822
914 15324
915 16562
916 18002
917 18370
918 16710
919 16711
920 16239
921 16928
922 18822
923 18954
924 13758
925 14356
926 16976
927 18106
928 17424
929 17425
930 15766
931 16150
932 19278
933 20614
934 21396
935 21707
936 13446
937 13447
938 15957
939 17343
940 17376
941 17377
942 18560
943 18590
944 19449
945 17716
946 19608
947 19609
948 17594
949 17736
950 19590
951 20853
952 20245
953 20246
954 19452
955 19838
956 22712
957 23087
958 24583
959 25030
960 12157
961 12180
962 14282
963 15455
964 17237
965 17904
966 15903
967 15904
968 17472
969 18293
970 19184
971 19185
972 14845
973 15060
974 17615
975 17583
976 17742
977 17743
978 18895
979 19015
980 18149
981 18770
982 20739
983 20740
984 15655
985 16255
986 19167
987 20252
988 21562
989 21573
990 16861
991 16862
992 17861
993 19219
994 20307
995 20962
996 18433
997 18434
998 21641
999 22811
